Webots Project File version 8.3.2
perspectives: 000000ff00000000fd0000000300000000000000e200000383fc0200000001fb00000012005300630065006e00650054007200650065010000001700000383000000000000000000000001000001f300000225fc0200000001fb0000001400540065007800740045006400690074006f0072010000000000000225000000aa00ffffff000000030000050000000080fc0100000001fb0000000e0043006f006e0073006f006c00650100000000000005000000004f00ffffff000003070000022500000004000000040000000100000008fc00000000
simulationViewPerspectives: 000000ff00000001000000020000014e000001140100000006010000000101
sceneTreePerspectives: 000000ff0000000100000002000000c0000000ce0100000006010000000201
minimizedPerspectives: 
maximizedDockId: -1
centralWidgetVisible: 1
orthographicViewHeight: 1
textFiles: 0 "controllers/VisualTracking/VisualTracking.cpp" "../darwin-op/controllers/soccer/Soccer.cpp" "../darwin-op/controllers/soccer/Soccer.hpp" "controllers/VisualTracking/VisualTracking.hpp"
renderingDevicePerspectives: 132;1;1;0.208763;0.124744
