Webots Project File version 8.3.2
perspectives: 000000ff00000000fd0000000300000000000000e200000383fc0200000001fb00000012005300630065006e0065005400720065006501000000170000038300000000000000000000000100000259000001d5fc0200000001fb0000001400540065007800740045006400690074006f00720100000000000001d5000000aa00ffffff0000000300000500000000d0fc0100000001fb0000000e0043006f006e0073006f006c00650100000000000005000000004f00ffffff000002a1000001d500000004000000040000000100000008fc00000000
simulationViewPerspectives: 000000ff00000001000000020000015a000001e00100000006010000000101
sceneTreePerspectives: 000000ff0000000100000002000000c0000000ce0100000006010000000201
minimizedPerspectives: 
maximizedDockId: -1
centralWidgetVisible: 1
orthographicViewHeight: 1
textFiles: 0 "controllers/VisualTracking/VisualTracking.cpp" "controllers/VisualTracking/VisualTracking.hpp"
renderingDevicePerspectives: 132;1;1.13125;0.32243;0.728301
renderingDevicePerspectives: 133;0;1.13125;0.32243;0.168399
