Webots Project File version 8.3.2
perspectives: 000000ff00000000fd0000000300000000000000e200000383fc0200000001fb00000012005300630065006e006500540072006500650100000017000003830000000000000000000000010000023000000124fc0200000001fb0000001400540065007800740045006400690074006f0072010000000000000124000000aa00ffffff000000030000050000000181fc0100000001fb0000000e0043006f006e0073006f006c00650100000000000005000000004f00ffffff000002ca0000012400000004000000040000000100000008fc00000000
simulationViewPerspectives: 000000ff000000010000000200000118000001840100000006010000000101
sceneTreePerspectives: 000000ff0000000100000002000000c0000000ce0100000006010000000201
minimizedPerspectives: 
maximizedDockId: -1
centralWidgetVisible: 1
orthographicViewHeight: 1
textFiles: 0 "controllers/VisualTracking/VisualTracking.cpp"
renderingDevicePerspectives: 132;1;1;0.189252;0.262931
