Webots Project File version 8.3.2
perspectives: 000000ff00000000fd0000000300000000000000e200000383fc0200000001fb00000012005300630065006e00650054007200650065010000001700000383000000000000000000000001000001d1000001d5fc0200000001fb0000001400540065007800740045006400690074006f00720100000000000001d50000006d00ffffff00000003000004c4000000d0fc0100000001fb0000000e0043006f006e0073006f006c00650100000000000004c40000004f00ffffff000002ed000001d500000004000000040000000100000008fc00000000
simulationViewPerspectives: 000000ff00000001000000020000015a000001e00100000006010000000101
sceneTreePerspectives: 000000ff0000000100000002000000c0000000ce0100000006010000000201
minimizedPerspectives: 
maximizedDockId: -1
centralWidgetVisible: 1
orthographicViewHeight: 1
textFiles: 0 "controllers/VisualTracking/VisualTracking.cpp"
renderingDevicePerspectives: 132;1;1.21667;0.335853;0.718827
renderingDevicePerspectives: 133;1;1.16875;0.238035;0.1739
