Webots Project File version 8.3.2
perspectives: 000000ff00000000fd0000000300000000000000e200000383fc0200000001fb00000012005300630065006e006500540072006500650100000017000003830000000000000000000000010000023b0000021cfc0200000001fb0000001400540065007800740045006400690074006f007201000000000000021c000000aa00ffffff000000030000049d00000089fc0100000001fb0000000e0043006f006e0073006f006c006501000000000000049d0000004f00ffffff0000025c0000021c00000004000000040000000100000008fc00000000
simulationViewPerspectives: 000000ff00000001000000020000011a000001ba0100000006010000000101
sceneTreePerspectives: 000000ff0000000100000002000000c0000000ce0100000006010000000201
minimizedPerspectives: 
maximizedDockId: -1
centralWidgetVisible: 1
orthographicViewHeight: 1
textFiles: 0 "controllers/PinInHoleController/PinInHoleController.cpp" "controllers/PinInHoleController/PinInHoleController.hpp"
renderingDevicePerspectives: 62;1;1;0.256329;0.872917
renderingDevicePerspectives: 61;1;1.10625;0.713608;0.859115
