Webots Project File version 8.3.2
perspectives: 000000ff00000000fd0000000300000000000000e200000383fc0200000001fb00000012005300630065006e00650054007200650065010000001700000383000000000000000000000001000002800000021cfc0200000001fb0000001400540065007800740045006400690074006f007201000000000000021c000000aa00ffffff000000030000050000000089fc0100000001fb0000000e0043006f006e0073006f006c00650100000000000005000000004f00ffffff0000027a0000021c00000004000000040000000100000008fc00000000
simulationViewPerspectives: 000000ff00000001000000020000011a000001ba0100000006010000000101
sceneTreePerspectives: 000000ff0000000100000002000000c0000000ce0100000006010000000201
minimizedPerspectives: 
maximizedDockId: -1
centralWidgetVisible: 1
orthographicViewHeight: 1
textFiles: 2 "controllers/DarwinRobot/Hole.cpp" "controllers/DarwinRobot/Hole.hpp" "controllers/DarwinRobot/DarwinRobot.cpp" "controllers/DarwinRobot/DarwinRobot.hpp" "controllers/DarwinRobot/RedPin.cpp" "controllers/DarwinRobot/Item.cpp" "controllers/DarwinRobot/Item.hpp" "controllers/DarwinRobot/RedPin.hpp"
renderingDevicePerspectives: 61;1;1.10625;0.59881;0.815365
renderingDevicePerspectives: 62;1;1;0.214286;0.872917
