Webots Project File version 8.3.0
perspectives: 000000ff00000000fd0000000300000000000000e200000383fc0200000001fb00000012005300630065006e006500540072006500650100000017000003830000000000000000000000010000023a00000311fc0200000001fb0000001400540065007800740045006400690074006f0072010000001900000311000000ad00ffffff000000030000073f000000dafc0100000001fb0000000e0043006f006e0073006f006c006501000000000000073f0000005a00ffffff000004ff0000031100000004000000040000000100000008fc00000000
simulationViewPerspectives: 000000ff00000001000000020000016c000004a00100000006010000000101
sceneTreePerspectives: 000000ff0000000100000002000001c6000001120100000006010000000201
minimizedPerspectives: 
maximizedDockId: -1
centralWidgetVisible: 1
orthographicViewHeight: 1
textFiles: 0 "controllers/visual_tracking/VisualTracking.cpp"
renderingDevicePerspectives: 132;1;0.5;0.0891089;0.0842541
